==================================================
day Monday
     eps  min_samp  n_clusters  max_item  min_item
0  0.005       110           5      6575       118
3  0.005       410           4      6376       183
1  0.005       210           7      5263        43
2  0.005       310           6      4670       323
==================================================
day Tuesday
     eps  min_samp  n_clusters  max_item  min_item
0  0.005       110           4      6883       189
2  0.005       410           4      5635       199
1  0.005       210           6      5560        45
==================================================
day Wednesday
     eps  min_samp  n_clusters  max_item  min_item
0  0.005       110           5      7161       120
2  0.005       410           4      5886       246
1  0.005       210           5      5817        44
==================================================
day Thursday
     eps  min_samp  n_clusters  max_item  min_item
0  0.005       110           5      6900       154
1  0.005       410           5      5241       371
==================================================
day Friday
     eps  min_samp  n_clusters  max_item  min_item
0  0.005       110           6      6655       127
3  0.005       410           4      5933       450
1  0.005       210           4      5753       267
2  0.005       310           4      4662        99
==================================================
day Saturday
     eps  min_samp  n_clusters  max_item  min_item
0  0.005       110           5      6339       125
3  0.005       410           6      5557       416
1  0.005       210           4      5196       239
2  0.005       310           4      5191        98
==================================================
day Sunday
     eps  min_samp  n_clusters  max_item  min_item
2  0.005       410           6      6126         7
0  0.005       110           8      5990       112
1  0.005       310           4      5378       332